# Created by Octave 4.2.2, Wed Sep 09 11:10:47 2020 CST <manuel@pop-os>
# name: theta
# type: matrix
# rows: 512
# columns: 1
 0
 -0.004042545137705786
 -0.008085425782299916
 -0.01212897751506665
 -0.01617353606609489
 -0.02021943738871285
 -0.02426701773396134
 -0.02831661372511837
 -0.0323685624322878
 -0.03642320144706467
 -0.04048086895728915
 -0.04454190382190138
 -0.04860664564590944
 -0.05267543485548121
 -0.05674861277317252
 -0.0608265216933013
 -0.06490950495747948
 -0.06899790703031221
 -0.0730920735752737
 -0.07719235153077023
 -0.08129908918639797
 -0.08541263625940386
 -0.08953334397135747
 -0.09366156512504108
 -0.09779765418156222
 -0.1019419673376982
 -0.1060948626034711
 -0.1102566998799647
 -0.1144278410373776
 -0.1186086499933235
 -0.1227994927913702
 -0.1270007376798261
 -0.1312127551907663
 -0.1354359182192964
 -0.1396706021030555
 -0.1439171847019455
 -0.1481760464780844
 -0.1524475705759753
 -0.1567321429028784
 -0.1610301522093771
 -0.1653419901701223
 -0.1696680514647418
 -0.174008733858894
 -0.1783644382854483
 -0.1827355689257713
 -0.1871225332910904
 -0.1915257423039115
 -0.1959456103794597
 -0.2003825555071088
 -0.204836999331769
 -0.2093093672351874
 -0.2138000884171258
 -0.2183095959763657
 -0.2228383269914948
 -0.2273867226014203
 -0.2319552280855523
 -0.2365442929435982
 -0.2411543709748992
 -0.2457859203572436
 -0.2504394037250761
 -0.2551152882470287
 -0.2598140457026852
 -0.264536152558486
 -0.269282090042684
 -0.2740523442192385
 -0.2788474060605463
 -0.2836677715188897
 -0.2885139415964795
 -0.2933864224139633
 -0.2982857252772601
 -0.3032123667425748
 -0.3081668686794426
 -0.3131497583316342
 -0.3181615683757547
 -0.3232028369773552
 -0.328274107844362
 -0.3333759302776269
 -0.3385088592183861
 -0.3436734552924039
 -0.3488702848505683
 -0.3540999200056941
 -0.3593629386652759
 -0.3646599245599206
 -0.3699914672671738
 -0.375358162230453
 -0.3807606107727645
 -0.3861994201048924
 -0.3916752033277127
 -0.3971885794282837
 -0.4027401732693416
 -0.408330615571818
 -0.4139605428899774
 -0.4196305975787601
 -0.4253414277528955
 -0.431093687237336
 -0.4368880355085428
 -0.4427251376261418
 -0.4486056641544466
 -0.454530291073322
 -0.4604996996778654
 -0.4665145764663352
 -0.4725756130157636
 -0.4786835058446627
 -0.4848389562622139
 -0.4910426702033217
 -0.4972953580488871
 -0.5035977344306538
 -0.5099505180199464
 -0.5163544312996283
 -0.5228102003185729
 -0.5293185544279475
 -0.5358802259985841
 -0.5424959501187167
 -0.5491664642713457
 -0.5558925079904901
 -0.5626748224955902
 -0.569514150303314
 -0.5764112348160296
 -0.5833668198862121
 -0.5903816493560562
 -0.5974564665715913
 -0.6045920138705968
 -0.6117890320436515
 -0.6190482597676714
 -0.626370433011321
 -0.6337562844117246
 -0.6412065426219464
 -0.6487219316287607
 -0.6563031700402893
 -0.6639509703431502
 -0.6716660381288366
 -0.6794490712891311
 -0.6873007591804419
 -0.6952217817570645
 -0.7032128086734754
 -0.7112744983558896
 -0.719407497043454
 -0.7276124377995924
 -0.7358899394941776
 -0.744240605757385
 -0.752665023906266
 -0.7611637638452818
 -0.7697373769422581
 -0.77838639488145
 -0.7871113284956586
 -0.7959126665796001
 -0.804790874687014
 -0.813746393914289
 -0.8227796396737088
 -0.8318910004597312
 -0.8410808366120922
 -0.8503494790798629
 -0.8596972281909854
 -0.8691243524322112
 -0.8786310872447782
 -0.8882176338415914
 -0.8978841580521317
 -0.9076307892017688
 -0.9174576190326346
 -0.9273647006737175
 -0.937352047668328
 -0.9474196330676238
 -0.9575673885994014
 -0.9677952039219241
 -0.9781029259731043
 -0.9884903584259326
 -0.9989572612616444
 -1.009503350472697
 -1.020128297908263
 -1.030831731275557
 -1.041613234310993
 -1.052472347135815
 -1.063408566811546
 -1.074421348111352
 -1.085510104524157
 -1.09667420950916
 -1.107912998019291
 -1.119225768313038
 -1.130611784075105
 -1.142070276867468
 -1.153600448933576
 -1.165201476379845
 -1.176872512760036
 -1.188612693089875
 -1.200421138321137
 -1.212296960306662
 -1.224239267290207
 -1.236247169957989
 -1.248319788092005
 -1.260456257869035
 -1.272655739853666
 -1.284917427738661
 -1.297240557891949
 -1.309624419776229
 -1.322068367315088
 -1.334571831288629
 -1.347134332852149
 -1.359755498283696
 -1.372435075080508
 -1.385172949540858
 -1.397969165987031
 -1.410823947807382
 -1.423737720521439
 -1.436711137102192
 -1.449745105824952
 -1.462840820953289
 -1.475999796620707
 -1.489223904322985
 -1.50251541450223
 -1.515877042781324
 -1.529312001498852
 -1.542824057302496
 -1.556417595686373
 -1.570097693508931
 -1.583870200707557
 -1.597741832639752
 -1.611720274735887
 -1.625814301453871
 -1.64003391189233
 -1.654390484859574
 -1.668896956726924
 -1.683568026037513
 -1.698420389620333
 -1.713473015905485
 -1.728747462288741
 -1.744268244799411
 -1.760063270044064
 -1.776164341502235
 -1.792607754827287
 -1.809434999962962
 -1.826693591751119
 -1.844438055426455
 -1.862731099134747
 -1.88164501254394
 -1.901263338896561
 -1.92168287756516
 -1.943016085247559
 -1.965393955970977
 -1.988969472016523
 -2.013921727492177
 -2.040460829198365
 -2.068833667510177
 -2.099330608632855
 -2.132293063268549
 -2.16812169219439
 -2.207284645560395
 -2.250324589070164
 -2.297862186543329
 -2.350591985432467
 -2.409264123234925
 -2.474642026914363
 -2.547423167997719
 -2.628109465815392
 -2.716821139798997
 -2.813069486707678
 -2.915542892671294
 -3.022002580512388
 -3.129391745236829
 3.048991856142848
 2.950241535346823
 2.860475684185081
 2.781822269608853
 2.715580924502905
 2.662382452833092
 2.622421725495376
 2.595678062419478
 2.582079806423722
 2.581600895992652
 2.594290159262719
 2.620234572654841
 2.659454427172654
 2.711729866876524
 2.776373287426319
 2.851995876847995
 2.936360222051084
 3.02643012707218
 3.118677746256906
 -3.073601499862638
 -2.98703566216617
 -2.906952690887123
 -2.834559409429354
 -2.770253284606996
 -2.713846412988308
 -2.66479300746879
 -2.622370910803228
 -2.585805418768112
 -2.554343514943004
 -2.527292490717575
 -2.504035798756287
 -2.48403566869153
 -2.466828766235758
 -2.452018714694689
 -2.439267647116042
 -2.428287931136122
 -2.418834605189839
 -2.410698727315818
 -2.403701659631812
 -2.397690225133264
 -2.392532637918239
 -2.388115099348151
 -2.384338957406806
 -2.381118337100133
 -2.378378162142342
 -2.376052500385283
 -2.374083176548261
 -2.372418605464949
 -2.371012807252039
 -2.369824572630788
 -2.368816752264185
 -2.367955648585386
 -2.367210492354538
 -2.366552989238142
 -2.365956924183941
 -2.365397813369326
 -2.364852595118784
 -2.364299352485193
 -2.363717061227283
 -2.363085357735088
 -2.362384322092045
 -2.361594271943317
 -2.36069556318493
 -2.359668393712234
 -2.35849260657811
 -2.357147488916472
 -2.355611562885186
 -2.353862364671095
 -2.3518762072701
 -2.349627922294159
 -2.347090575446186
 -2.344235149518349
 -2.341030187776841
 -2.337441389355366
 -2.333431146738527
 -2.328958013509547
 -2.323976088183934
 -2.318434297052812
 -2.312275555397513
 -2.305435782068721
 -2.297842737085876
 -2.289414645426246
 -2.280058562357037
 -2.269668426368326
 -2.258122734934782
 -2.245281766131861
 -2.23098425615866
 -2.215043430512126
 -2.197242277888771
 -2.177327956578775
 -2.155005243680664
 -2.129928996635473
 -2.101695726783098
 -2.06983464033631
 -2.033798971298757
 -1.992959247459781
 -1.946601479610617
 -1.893935352406566
 -1.834120427724151
 -1.766321816099218
 -1.68980926830849
 -1.604111578470012
 -1.509225301212356
 -1.40584669749752
 -1.295551277293869
 -1.180811641010881
 -1.064767601642754
 -0.9507671155262147
 -0.8418286612545272
 -0.7402264731780639
 -0.6473217639873603
 -0.5636281563070754
 -0.4890125433648274
 -0.4229266413214072
 -0.3646044059290988
 -0.3132029117353103
 -0.267890059468946
 -0.2278921837248603
 -0.1925151614660154
 -0.161149677869659
 -0.133267906722345
 -0.1084161215664197
 -0.08620585443952469
 -0.06630501290553424
 -0.04842964525152887
 -0.03233663447338075
 -0.01781738166796761
 -0.004692429709397866
